[array([0.997304, 1.      ]), array([0.758325, 1.      ]), array([0.805407, 1.      , 0.556213]), array([1.      , 0.742121, 0.737022, 0.430983]), array([0.25491 , 0.962474, 1.      , 0.998899]), array([0.994041, 0.21117 , 1.      , 0.947369, 0.076993]), array([0.079204, 0.67263 , 0.338485, 0.298396, 0.575165, 1.      ]), array([0.063205, 0.073851, 0.025674, 0.04343 , 0.452292, 0.896953,
       0.546764, 1.      ])]
[array([0.653061, 0.204082]), array([0., 0.]), array([0., 0., 0.]), array([0.408163, 0.408163, 0.367347, 0.428571]), array([1., 0., 1., 1.]), array([0.315789, 0.052632, 0.578947, 1.      , 0.      ]), array([0.      , 0.      , 0.      , 0.555556, 0.      , 0.333333]), array([0., 0., 0., 0., 1., 0., 0., 1.])]
[array([0., 1.]), array([0., 1.]), array([0.     , 1.     , 0.77551]), array([0.      , 0.387755, 1.      , 1.      ]), array([1.      , 1.      , 1.      , 0.816327]), array([1., 0., 1., 0., 1.]), array([0., 1., 1., 0., 1., 0.]), array([0., 1., 0., 1., 0., 1., 0., 1.])]
[array([0.      , 0.734694]), array([0.693878, 0.755102]), array([0.      , 0.      , 0.653061]), array([0.428571, 0.408163, 0.265306, 0.44898 ]), array([0.      , 0.163265, 1.      , 1.      ]), array([0.      , 0.      , 0.052632, 0.      , 0.      ]), array([0.222222, 1.      , 1.      , 0.      , 0.      , 0.222222]), array([1., 0., 1., 1., 1., 0., 0., 0.])]
[array([0.653061, 1.      ]), array([0.693878, 0.755102]), array([1.      , 0.      , 0.673469]), array([0.571429, 1.      , 1.      , 0.      ]), array([1., 1., 1., 0.]), array([1., 0., 0., 0., 1.]), array([1., 1., 1., 0., 1., 1.]), array([1., 0., 0., 0., 0., 1., 0., 0.])]
[array([0.736842, 1.      ]), array([0.684211, 1.      ]), array([1.      , 1.      , 0.421053]), array([0.368421, 0.421053, 0.421053, 0.421053]), array([1., 1., 1., 1.]), array([0.473684, 0.368421, 1.      , 1.      , 0.      ]), array([0.      , 0.428571, 0.285714, 0.142857, 0.428571, 0.714286]), array([0.142857, 0.142857, 0.142857, 0.      , 1.      , 0.571429,
       0.142857, 0.      ])]
[array([0.730673, 0.582254]), array([0.700194, 0.886993]), array([1.      , 1.      , 0.368421]), array([0.37931 , 0.413793, 0.413793, 0.448276]), array([1., 1., 1., 1.]), array([0.526316, 0.      , 0.842105, 0.736842, 0.      ]), array([0.      , 0.428571, 0.285714, 0.071429, 0.428571, 0.714286]), array([0.157895, 0.142857, 0.157895, 0.142857, 0.857143, 0.428571,
       0.285714, 1.      ])]
[array([0.684211, 0.      ]), array([0.684211, 0.894737]), array([0.490561, 0.609573, 0.338156]), array([0.37931 , 0.413793, 0.413793, 0.413793]), array([1., 1., 1., 1.]), array([0.526316, 0.263158, 0.578947, 0.894737, 0.      ]), array([0.      , 0.428571, 0.285714, 0.214286, 0.428571, 0.714286]), array([0.142857, 0.142857, 0.142857, 0.142857, 1.      , 0.      ,
       0.285714, 1.      ])]
[array([0.728653, 0.382254]), array([0.740848, 0.717223]), array([0.468339, 0.603512, 0.356338]), array([0.37931 , 0.413793, 0.413793, 0.413793]), array([0.842105, 1.      , 1.      , 1.      ]), array([0.526316, 0.315789, 0.473684, 1.      , 0.      ]), array([0.      , 0.357142, 0.357142, 0.214285, 0.428571, 0.714285]), array([0.142857, 0.142857, 0.142857, 0.142857, 0.857142, 0.428571,
       0.285714, 1.      ])]
[array([0.728653, 0.382254]), array([0.698423, 0.799041]), array([0.466319, 0.601492, 0.358358]), array([0.364339, 0.425135, 0.425135, 0.408808]), array([0., 0., 0., 1.]), array([0.536572, 0.255061, 0.589203, 0.896356, 0.      ]), array([0.      , 0.341353, 0.372931, 0.216541, 0.44436 , 0.722556]), array([0.      , 0.142857, 0.      , 0.142857, 0.857143, 0.515873,
       0.261905, 1.      ])]
[array([0.730272, 0.583254]), array([0.684211, 1.      ]), array([0.464299, 0.599472, 0.360378]), array([0.372503, 0.416971, 0.416971, 0.408808]), array([1., 0., 0., 0.]), array([0.51606 , 0.272065, 0.568691, 0.896356, 0.      ]), array([0.3     , 0.657142, 0.372931, 0.216541, 0.128571, 0.414285]), array([0.      , 0.142857, 0.      , 0.142857, 0.857143, 0.309524,
       0.349206, 1.      ])]
[array([0.730672, 0.383254]), array([0.699938, 0.782374]), array([0.468339, 0.401492, 0.558358]), array([0.405156, 0.384318, 0.384318, 0.408808]), array([1., 0., 1., 0.]), array([0.505804, 0.275719, 0.558435, 0.896688, 0.      ]), array([0.3     , 0.341353, 0.057142, 0.216541, 0.128571, 0.722556]), array([0.642857, 0.142857, 0.642857, 0.642857, 0.857143, 0.      ,
       0.261905, 1.      ])]