[array([0.997304, 1.      ]), array([0.758325, 1.      ]), array([0.805407, 1.      , 0.556213]), array([1.      , 0.742121, 0.737022, 0.430983]), array([0.25491 , 0.962474, 1.      , 0.998899]), array([0.994041, 0.21117 , 1.      , 0.947369, 0.076993]), array([0.079204, 0.67263 , 0.338485, 0.298396, 0.575165, 1.      ]), array([0.063205, 0.073851, 0.025674, 0.04343 , 0.452292, 0.896953,
       0.546764, 1.      ])]
[array([0.653061, 0.204082]), array([0., 0.]), array([0., 0., 0.]), array([0.408163, 0.408163, 0.367347, 0.428571]), array([1., 0., 1., 1.]), array([0.315789, 0.052632, 0.578947, 1.      , 0.      ]), array([0.      , 0.      , 0.      , 0.555556, 0.      , 0.333333]), array([0., 0., 0., 0., 1., 0., 0., 1.])]
[array([0., 1.]), array([0., 1.]), array([0.     , 1.     , 0.77551]), array([0.      , 0.387755, 1.      , 1.      ]), array([1.      , 1.      , 1.      , 0.816327]), array([1., 0., 1., 0., 1.]), array([0., 1., 1., 0., 1., 0.]), array([0., 1., 0., 1., 0., 1., 0., 1.])]
[array([0.      , 0.734694]), array([0.693878, 0.755102]), array([0.      , 0.      , 0.653061]), array([0.428571, 0.408163, 0.265306, 0.44898 ]), array([0.      , 0.163265, 1.      , 1.      ]), array([0.      , 0.      , 0.052632, 0.      , 0.      ]), array([0.222222, 1.      , 1.      , 0.      , 0.      , 0.222222]), array([1., 0., 1., 1., 1., 0., 0., 0.])]
[array([0.653061, 1.      ]), array([0.693878, 0.755102]), array([1.      , 0.      , 0.673469]), array([0.571429, 1.      , 1.      , 0.      ]), array([1., 1., 1., 0.]), array([1., 0., 0., 0., 1.]), array([1., 1., 1., 0., 1., 1.]), array([1., 0., 0., 0., 0., 1., 0., 0.])]
[array([0.736842, 1.      ]), array([0.684211, 1.      ]), array([1.      , 1.      , 0.421053]), array([0.368421, 0.421053, 0.421053, 0.421053]), array([1., 1., 1., 1.]), array([0.473684, 0.368421, 1.      , 1.      , 0.      ]), array([0.      , 0.428571, 0.285714, 0.142857, 0.428571, 0.714286]), array([0.142857, 0.142857, 0.142857, 0.      , 1.      , 0.571429,
       0.142857, 0.      ])]
[array([0.730673, 0.582254]), array([0.700194, 0.886993]), array([1.      , 1.      , 0.368421]), array([0.37931 , 0.413793, 0.413793, 0.448276]), array([1., 1., 1., 1.]), array([0.526316, 0.      , 0.842105, 0.736842, 0.      ]), array([0.      , 0.428571, 0.285714, 0.071429, 0.428571, 0.714286]), array([0.157895, 0.142857, 0.157895, 0.142857, 0.857143, 0.428571,
       0.285714, 1.      ])]
[array([0.684211, 0.      ]), array([0.684211, 0.894737]), array([0.490561, 0.609573, 0.338156]), array([0.37931 , 0.413793, 0.413793, 0.413793]), array([1., 1., 1., 1.]), array([0.526316, 0.263158, 0.578947, 0.894737, 0.      ]), array([0.      , 0.428571, 0.285714, 0.214286, 0.428571, 0.714286]), array([0.142857, 0.142857, 0.142857, 0.142857, 1.      , 0.      ,
       0.285714, 1.      ])]